72 0.261667 0.517826 0.518043 0.803145
72 0.746598 0.516015 0.506804 0.812872
39 0.900942 0.784976 0.0717354 0.145291
39 0.832382 0.786035 0.0723686 0.142952
39 0.765061 0.786854 0.0684637 0.145563
39 0.230876 0.797419 0.0534581 0.122145
39 0.78575 0.509707 0.0545636 0.0998431
39 0.742765 0.640264 0.0456976 0.0909759
39 0.357008 0.520156 0.0529668 0.107263
39 0.247438 0.519149 0.0549205 0.10759
39 0.282189 0.796277 0.0563473 0.120521
39 0.230102 0.654412 0.0550365 0.111368
39 0.840517 0.514616 0.0504065 0.0907311
39 0.736097 0.517223 0.0461472 0.0914316
39 0.785945 0.640714 0.0482313 0.0851709
39 0.335708 0.79863 0.0584342 0.118448
39 0.698688 0.641946 0.0428311 0.0877052
39 0.17751 0.798252 0.0568533 0.121533
39 0.177591 0.653783 0.0581445 0.11021
39 0.123772 0.798048 0.0581466 0.116582
39 0.688277 0.516333 0.0478516 0.0953131
39 0.655104 0.642778 0.0463717 0.0895407
39 0.888304 0.510104 0.0489326 0.0981018
39 0.301147 0.519539 0.0535432 0.105601
39 0.937692 0.510239 0.051981 0.100796
39 0.835005 0.640581 0.0483053 0.0863781
39 0.397225 0.403022 0.0499912 0.0906742
39 0.388057 0.800824 0.0565327 0.114877
39 0.609612 0.642396 0.0468072 0.0883225
39 0.249751 0.404891 0.0471963 0.0899634
39 0.19988 0.403702 0.0579803 0.0908201
39 0.0668758 0.658515 0.0583148 0.106658
39 0.349574 0.402976 0.0439211 0.0923802
39 0.124559 0.658188 0.0599911 0.101746
39 0.297953 0.404 0.0534405 0.0901707
39 0.0686671 0.800663 0.0600051 0.127274
39 0.197765 0.526847 0.0470736 0.0902393
39 0.189469 0.300113 0.0448963 0.0682049
39 0.357744 0.301001 0.0446689 0.0663504
